0 42 6
0 506 10
42 679 2
42 244 13
0 821 17
244 559 18
679 523 17
0 848 14
244 597 13
244 252 2
821 562 2
252 232 14
0 195 5
42 988 4
506 727 7
597 14 7
195 978 5
562 213 11
232 964 5
252 306 18
14 253 9
0 899 14
195 104 12
679 925 8
213 420 11
213 911 4
252 890 12
597 617 6
104 839 8
988 249 6
727 487 18
848 288 15
899 128 16
306 21 18
925 670 2
617 918 16
670 938 2
506 142 9
232 452 13
821 175 3
195 106 17
195 659 9
964 481 4
21 59 16
232 758 17
249 632 19
252 27 18
911 527 7
252 434 8
104 947 17
821 545 19
452 299 18
506 396 2
288 347 9
670 185 17
988 777 8
249 651 16
452 932 4
523 774 12
288 105 6
821 990 11
213 692 11
545 525 10
105 618 6
774 603 14
487 891 8
617 945 13
618 942 7
0 414 13
185 633 11
104 504 7
185 522 8
618 358 10
911 432 6
942 576 2
481 748 7
670 647 17
213 115 4
59 122 2
213 285 6
522 30 18
748 622 3
647 153 3
911 582 11
504 62 11
21 49 8
899 425 14
925 333 19
777 100 9
562 216 9
890 668 3
964 465 9
128 975 19
62 643 12
104 148 3
288 384 2
692 169 3
603 971 17
774 621 14
100 305 11
504 808 18
945 13 18
632 636 12
252 46 3
659 346 16
523 33 5
169 298 14
918 488 2
670 638 14
104 611 17
115 455 14
27 206 16
358 580 4
14 881 15
299 546 4
0 268 13
848 538 12
774 984 2
148 379 7
33 342 8
890 245 2
216 392 12
527 980 4
538 411 10
523 779 9
342 872 18
268 327 8
523 146 3
128 203 10
49 629 16
891 769 6
971 912 13
384 719 4
504 607 7
603 116 4
213 451 5
30 845 11
299 963 2
42 167 3
769 486 5
14 733 8
59 444 13
249 309 17
638 229 4
580 389 14
232 577 2
963 123 15
142 70 15
27 131 16
128 740 15
30 787 6
389 416 17
486 173 14
358 917 4
347 829 13
299 593 12
758 927 12
252 1 8
414 854 13
465 995 7
116 989 12
978 226 10
787 818 19
845 159 9
774 468 5
621 902 6
911 976 11
938 923 16
911 473 16
389 528 12
918 343 5
105 640 18
971 243 12
839 403 15
46 448 15
288 709 11
617 826 19
432 421 2
963 625 3
845 943 15
379 74 7
576 630 16
106 9 16
434 36 13
268 985 12
444 620 10
821 966 15
632 700 14
546 790 18
249 568 2
468 799 7
818 499 7
216 187 16
985 953 14
116 883 16
347 784 9
49 11 2
881 734 19
953 407 8
379 798 17
421 68 9
159 388 6
432 768 10
434 292 9
607 72 2
988 544 16
985 326 2
305 721 12
506 289 3
891 866 3
798 865 8
721 75 18
185 869 10
245 900 2
292 196 14
245 909 14
326 901 17
411 695 10
74 398 8
799 802 3
670 53 18
425 282 9
562 667 19
911 797 14
942 324 9
282 520 11
799 437 8
216 352 19
947 373 5
721 156 13
327 381 3
216 401 17
911 555 18
942 510 6
593 836 3
632 263 8
232 833 17
499 26 8
403 754 14
797 172 18
932 141 11
285 560 9
389 905 18
451 864 19
787 548 18
839 722 11
865 25 4
734 849 7
883 731 8
403 656 13
106 176 8
0 54 8
985 331 7
243 588 8
580 482 19
381 194 10
206 605 2
632 84 4
292 435 7
545 540 16
195 893 6
522 386 14
416 612 11
389 374 9
990 170 9
68 350 8
465 873 11
26 258 2
818 983 3
618 211 12
104 532 16
980 637 14
911 166 3
522 317 12
170 876 6
709 946 18
11 32 3
331 840 13
647 160 13
932 673 9
528 339 9
656 463 17
528 766 11
289 663 5
115 87 12
946 916 8
510 960 2
299 512 5
416 174 14
670 180 10
988 879 10
734 657 19
947 81 9
611 43 5
638 973 8
374 642 15
288 304 6
122 380 14
455 422 16
891 359 7
434 476 12
964 689 15
326 586 9
709 788 17
180 439 18
612 804 11
849 631 11
339 15 17
504 775 11
548 300 6
27 941 14
142 215 12
421 301 7
620 207 2
33 519 11
411 303 19
722 505 13
100 405 15
905 241 10
510 823 18
49 884 7
525 427 17
106 822 6
538 280 11
30 217 9
593 573 10
546 825 10
630 16 16
768 857 11
280 354 19
249 828 10
146 320 7
588 136 3
53 262 10
754 413 5
918 37 5
808 276 14
354 375 19
229 710 17
468 575 12
346 139 10
333 267 10
252 853 18
142 713 9
719 690 12
0 832 12
407 507 17
342 683 3
46 110 10
902 957 13
787 272 12
700 353 4
0 457 4
532 80 5
298 189 12
622 591 14
416 429 17
305 906 3
435 959 10
309 955 4
429 552 18
621 682 9
519 838 8
226 999 8
468 792 9
905 47 10
620 69 11
339 52 11
166 149 8
9 800 9
864 596 10
792 760 11
621 29 11
27 357 15
719 977 9
74 812 3
26 63 18
792 878 18
141 225 11
167 526 11
890 368 2
906 771 9
575 469 2
683 395 2
63 372 14
422 408 3
175 254 7
13 855 15
9 688 14
555 335 11
523 889 10
469 61 19
946 417 5
232 589 8
890 716 13
591 982 11
358 850 16
243 255 6
30 789 11
206 466 3
166 279 4
187 882 11
289 4 7
180 82 19
80 85 13
889 192 4
175 565 14
153 418 10
380 578 13
216 757 6
784 426 19
142 337 7
643 585 16
525 376 19
576 470 16
267 557 5
331 231 13
416 179 18
818 483 17
211 742 7
838 290 6
487 235 13
213 767 15
416 729 12
769 937 5
15 22 19
43 903 2
799 610 11
532 113 6
253 699 17
985 583 17
797 281 3
217 109 6
105 764 15
407 240 11
244 60 6
775 669 10
4 949 17
872 415 14
586 445 4
625 994 3
225 922 4
710 773 13
758 967 18
822 543 4
488 991 8
14 619 3
506 328 2
9 500 13
991 222 17
625 66 14
659 723 16
207 594 7
1 234 6
612 602 14
849 190 9
217 48 9
577 654 16
128 394 13
253 454 9
26 756 12
959 702 18
206 634 16
1 539 9
253 686 8
47 423 15
1 852 7
488 270 5
866 88 9
466 20 7
990 652 4
235 816 10
262 786 18
800 293 12
876 362 10
988 265 19
72 274 19
415 704 12
545 277 10
421 321 13
172 383 13
836 200 18
379 140 17
445 90 13
279 553 12
999 658 18
413 424 16
909 430 15
243 202 18
637 782 11
704 332 10
116 273 18
852 96 4
81 778 4
299 517 5
640 97 4
232 356 13
180 687 18
757 64 19
240 132 2
277 698 8
927 931 15
122 554 6
825 796 12
977 99 13
575 334 18
211 6 4
466 533 9
454 393 13
766 461 6
321 89 19
622 649 3
417 793 12
833 186 11
66 370 12
452 841 12
444 150 14
670 338 4
48 163 4
383 419 11
59 608 3
420 717 14
207 590 10
663 907 11
902 78 16
788 913 4
394 827 11
670 275 7
170 870 15
415 271 10
273 837 8
253 377 12
156 820 13
543 484 6
504 732 6
643 744 6
902 296 6
506 56 12
377 18 7
281 547 17
271 762 7
820 616 3
49 264 14
392 145 3
258 39 8
226 933 11
487 323 4
435 521 19
268 926 16
922 57 8
131 641 7
602 856 14
78 147 4
621 17 10
519 98 4
384 513 2
980 697 3
610 743 5
255 509 6
630 763 14
917 355 6
568 954 11
328 674 5
69 344 16
864 875 7
69 898 9
686 44 9
60 581 8
173 498 17
938 121 8
605 628 8
905 904 13
733 224 4
999 371 17
277 567 8
640 329 17
717 76 12
88 502 15
854 508 15
132 83 10
52 735 11
553 204 14
754 7 19
63 410 14
625 191 13
136 935 2
848 970 4
523 162 2
60 653 4
878 155 9
827 391 4
789 2 13
343 3 8
760 886 7
820 259 13
147 515 7
175 712 12
500 847 3
640 635 12
476 112 12
591 761 17
690 749 2
631 645 5
195 284 18
61 399 3
99 127 18
833 811 4
202 574 9
132 152 11
452 400 8
106 785 18
782 41 4
960 319 11
335 443 17
30 58 9
589 120 10
597 474 11
231 129 7
350 795 5
605 750 12
788 467 6
64 956 10
727 851 8
635 367 16
560 747 9
226 680 11
252 197 2
175 67 18
926 409 14
417 382 6
204 77 12
898 164 19
850 336 3
155 627 6
522 73 3
66 297 8
344 193 4
767 440 12
999 459 9
734 934 12
590 438 10
945 45 7
309 516 12
211 661 8
766 108 12
99 952 19
323 183 3
72 741 5
49 266 13
0 341 14
977 325 9
853 134 5
461 12 2
334 518 16
202 495 11
554 238 7
506 806 10
893 493 15
476 535 13
421 974 15
281 236 4
935 859 7
367 919 19
401 998 18
12 101 14
72 595 6
445 387 2
520 996 11
159 205 17
937 94 13
800 542 2
854 143 6
729 863 13
173 830 7
510 677 16
959 453 9
774 177 18
170 644 12
698 322 6
729 671 13
300 314 17
141 807 10
120 751 19
339 701 14
922 471 11
97 987 8
370 724 15
241 569 18
270 182 18
642 529 16
420 8 5
919 780 11
280 993 17
326 655 14
788 693 10
927 746 5
527 24 7
474 880 18
680 986 15
108 685 13
757 490 6
636 390 14
575 705 13
195 256 19
139 477 3
942 35 17
519 479 9
793 365 10
375 168 4
289 92 16
18 566 7
1 726 4
359 302 7
121 752 3
792 79 15
836 436 9
749 814 19
627 497 5
593 868 4
521 684 6
688 214 13
440 261 14
424 269 15
542 696 15
557 665 14
540 227 7
907 165 15
370 485 6
2 888 3
432 10 17
249 678 13
299 278 11
303 648 16
142 676 4
931 920 4
923 315 16
596 867 13
2 55 11
957 843 15
258 107 8
786 592 6
12 895 2
582 531 8
245 930 12
372 691 10
602 34 11
808 599 12
421 606 4
927 246 13
576 609 9
152 111 11
804 446 3
859 815 2
30 138 16
413 360 18
106 307 8
306 874 16
70 237 10
795 441 19
153 707 13
689 28 18
888 366 17
420 137 6
519 753 5
417 50 10
204 810 6
468 198 19
790 118 15
293 639 17
396 604 2
285 794 4
180 730 3
655 511 19
777 38 5
425 626 4
190 714 5
195 102 12
743 914 11
762 199 18
607 363 15
195 965 11
799 330 19
414 181 7
960 885 7
289 184 4
574 171 10
816 65 18
99 103 11
241 447 17
658 715 12
146 755 4
68 114 3
419 892 7
451 536 11
880 675 5
833 491 15
689 936 2
771 584 7
193 412 18
184 858 18
945 501 10
152 239 4
629 23 3
692 161 6
411 472 11
303 801 9
317 154 18
305 286 15
669 720 4
830 494 14
538 711 2
15 133 2
945 188 10
527 210 9
547 349 16
785 369 4
193 462 13
557 681 15
494 962 6
904 257 11
23 378 12
262 944 9
883 813 8
376 348 13
103 313 19
418 530 18
447 831 8
597 95 2
777 666 2
864 456 4
518 449 18
198 126 16
278 295 8
422 563 11
205 312 3
154 600 8
440 556 10
482 791 9
963 969 6
937 402 7
832 950 8
421 759 18
680 71 5
451 660 5
293 624 7
671 247 15
154 151 3
44 571 18
820 541 13
279 809 4
723 433 18
525 958 12
486 623 12
389 250 11
451 662 17
656 803 4
779 406 15
610 587 6
9 783 9
767 614 6
864 294 6
647 703 6
731 534 13
443 718 13
9 842 17
658 550 18
597 351 15
610 345 9
804 51 16
162 897 5
451 737 2
512 921 19
196 119 19
763 5 6
240 480 14
245 310 15
303 728 6
235 524 6
281 846 19
118 805 12
149 650 13
889 572 19
18 924 18
462 316 9
151 404 7
903 997 18
749 228 15
632 318 5
842 738 5
677 887 3
821 428 7
262 230 9
954 93 17
542 561 9
914 478 8
35 564 4
962 19 16
27 220 11
50 442 7
29 514 17
880 908 2
261 948 18
621 646 4
809 894 18
562 951 14
804 218 17
755 219 4
504 871 16
317 968 5
920 558 17
582 233 12
558 979 14
354 124 11
906 739 18
924 972 4
199 91 6
810 549 5
771 579 7
387 765 2
11 503 19
390 291 3
258 862 13
354 31 19
252 981 4
276 492 11
11 158 17
467 464 18
151 940 2
795 736 14
840 283 6
956 208 12
89 694 8
681 745 4
553 496 2
180 844 11
414 125 3
485 551 12
779 598 2
527 861 7
434 672 5
951 130 15
73 340 16
89 835 17
342 311 9
477 209 19
556 664 4
991 615 13
508 537 15
495 570 12
273 460 16
632 877 2
218 601 9
166 725 10
677 475 6
407 772 5
444 361 9
333 201 6
448 706 2
590 287 11
130 992 16
196 40 7
633 144 11
800 860 12
554 708 19
440 824 3
977 364 17
509 458 4
292 385 7
186 915 6
306 308 5
897 242 13
238 450 11
230 157 12
134 834 12
914 770 12
166 489 16
209 178 19
134 260 9
108 86 12
824 776 5
84 251 8
526 819 7
775 961 7
145 431 6
81 929 16
323 248 17
360 221 8
290 117 6
588 223 18
544 135 10
908 939 12
457 781 9
388 613 19
983 928 11
732 817 14
453 397 10
859 212 12
55 896 7
351 910 7
629 716 7
33 915 16
45 56 13
672 931 7
272 42 18
96 663 16
318 73 11
76 783 8
264 558 17
473 92 6
424 498 1
525 673 10
805 406 11
485 730 2
821 903 19
916 446 12
95 665 0
932 664 13
502 641 10
260 954 1
861 816 16
760 594 18
879 960 14
552 41 8
849 854 17
376 904 8
290 605 3
258 575 19
43 113 12
578 90 14
988 514 5
931 103 5
405 164 19
777 928 9
524 423 2
83 286 15
133 818 19
808 697 6
442 94 2
950 647 0
300 805 16
939 507 14
629 691 7
954 148 18
394 792 5
780 688 17
737 302 12
295 515 6
599 979 6
117 761 2
976 265 11
537 930 2
236 997 2
279 500 1
557 731 1
452 438 3
481 544 5
605 915 7
4 362 5
383 905 8
69 733 2
54 716 12
395 393 12
70 487 10
815 20 5
513 231 6
54 479 5
787 209 7
312 871 10
568 39 5
95 625 12
701 128 6
579 159 17
500 518 2
628 561 3
914 554 9
621 624 1
125 373 10
226 909 3
599 470 9
455 187 19
957 405 17
587 942 8
772 297 5
332 501 1
167 508 1
398 651 8
523 668 13
865 887 19
298 717 16
580 528 14
52 276 9
976 53 11
822 579 8
692 309 4
472 543 8
383 104 12
309 275 7
285 46 2
374 963 8
514 609 10
129 950 9
931 392 9
391 308 7
293 561 2
385 835 18
202 82 8
717 747 9
943 385 12
335 512 4
906 948 1
70 290 3
738 922 6
592 689 6
40 318 1
32 387 12
802 611 3
173 511 14
776 63 2
758 949 17
813 206 16
156 401 1
876 217 9
385 122 10
952 599 2
392 509 14
619 908 6
848 528 3
358 292 2
683 902 0
481 71 0
903 549 3
430 678 13
819 506 6
854 656 0
493 334 0
382 587 16
254 712 10
628 349 18
495 593 0
598 158 3
113 492 4
97 695 16
233 336 16
285 539 18
706 571 18
123 376 13
13 436 6
520 518 4
270 662 2
849 449 11
197 481 1
630 888 6
675 989 5
784 497 4
117 804 2
627 41 19
899 533 14
857 312 4
809 768 5
221 890 7
165 859 16
331 723 8
313 626 2
886 272 5
578 951 19
153 263 6
580 126 4
116 520 6
449 380 4
534 828 10
396 801 2
981 270 1
767 676 17
566 286 16
247 22 3
430 579 18
865 810 19
291 5 3
984 391 8
265 742 3
75 992 8
2 762 10
984 140 8
130 535 10
96 279 0
192 960 15
902 853 7
840 134 11
509 629 18
598 801 17
129 209 6
986 687 16
61 331 17
41 800 8
782 258 2
539 610 9
473 92 6
297 300 1
38 745 6
524 128 8
785 421 13
355 427 14
620 892 18
448 988 0
124 147 19
340 171 7
190 643 14
654 118 1
628 251 12
833 31 11
18 793 4
816 42 3
874 940 18
417 840 12
121 613 13
983 214 15
46 456 2
31 290 18
168 173 8
735 117 6
115 537 17
375 627 10
133 445 11
363 985 17
669 525 16
945 997 15
255 476 5
728 912 1
470 58 1
463 366 16
965 448 18
284 207 6
753 381 7
784 190 5
292 427 12
174 658 7
245 438 5
336 9 13
30 407 16
626 291 0
565 870 13
705 212 0
549 449 14
658 689 13
557 68 16
178 863 16
619 779 2
648 989 2
735 70 19
176 590 2
649 221 6
710 65 18
749 64 6
73 596 13
574 336 6
152 909 19
759 13 10
559 16 15
318 863 7
513 392 16
14 101 6
164 157 6
690 647 8
91 977 3
90 494 15
362 411 10
363 308 18
562 418 8
162 334 13
649 500 2
743 758 7
293 795 14
713 834 13
420 374 2
44 981 14
353 419 10
481 585 10
402 38 3
549 821 5
228 59 9
12 126 12
380 906 6
536 252 3
27 629 2

609 823
642 169
201 619
848 201
766 620
