0 54 12
0 46 10
54 10 14
0 24 14
0 41 15
46 51 3
54 33 12
54 29 16
54 44 18
10 35 11
24 68 19
33 22 9
54 97 17
29 91 3
54 65 14
41 11 17
24 27 15
10 77 19
10 57 6
91 47 2
35 42 15
10 71 12
65 43 4
33 45 11
41 67 9
68 13 13
46 82 7
54 8 3
43 23 18
0 49 14
24 34 11
45 14 11
35 95 19
10 70 14
45 93 17
33 99 3
57 78 8
42 73 13
8 50 7
82 31 9
82 69 19
57 16 3
69 39 10
73 9 5
34 94 4
82 36 5
35 63 6
99 55 14
65 61 13
16 3 14
44 72 13
82 40 19
99 20 15
50 19 12
95 75 13
35 88 15
8 7 3
33 53 14
29 90 5
77 12 12
13 6 8
61 79 10
93 18 11
68 89 4
82 56 9
9 17 17
10 15 14
12 38 18
50 4 5
6 52 11
19 58 3
44 32 3
65 85 19
44 74 14
91 37 5
85 81 2
45 60 15
82 26 2
58 66 15
95 25 13
67 84 15
54 59 11
46 30 4
45 64 8
74 96 11
30 83 2
6 76 8
91 62 18
38 28 4
51 5 15
34 92 12
8 87 18
83 2 18
89 98 9
66 1 19
93 48 7
55 86 17
38 80 13
13 21 4
43 48 7
1 33 8
98 15 15
7 68 11
24 72 2
54 17 19
34 20 18
31 1 16
75 23 18
18 33 19
10 18 16
29 2 18
34 86 6
39 33 6
7 62 3
28 83 6
7 38 18
34 30 11
87 84 0
20 50 15
55 49 12
84 20 9
26 1 11
27 4 13
79 76 9
90 59 1
79 56 8
90 51 7
54 58 16
71 65 2
87 81 11
20 98 15
58 74 6
58 68 18
85 50 19
67 15 19
68 14 19
2 5 14
93 62 4
42 25 16
17 88 16
94 43 18
35 29 18
38 76 1
58 5 10
61 64 13

4 12
30 80
19 40
85 14
53 88
